105695
32900
44950
107865
47499
116315
56994
28988
111365
99965
36900
122835
29372
10900
120315
106975
39777
125925
32999
68998
41995
164495
106540
29991
111765
38995
21989
6745
166090
46950
37999
127705
10995
226181
13999
35988
59995
49891
112155
106995
24850
104125
95900
103241
65900
107575
46995
126635
79990
26977
34995
69999
107915
14900
9990
115080
69900
111655
53800
9994
40999
121415
111905
169405
28991
170360
64995
158515
107545
107695
68988
142885
99994
7987
10995
38851
55422
100485
106995
114025
7909
56991
98815
18495
105815
32991
62988
29999
44993
110085
67880
38554
109515
24995
29888
62991
104665
27991
42980
46875
106075
6900
105145
29891
22999
65993
74888
59998
124530
69991
3995
7998
104285
112960
113075
6595
37999
25103
48999
7993
29900
120465
123045
19979
16900
33950
62002
61881
6995
11995
11500
167480
132375
109775
10500
59990
115565
113945
57900
103170
23998
33000
109460
56800
24885
113040
30495
31989
7533
6995
6995
110080
38988
23991
26999
112407
6500
20873
68669
108685
27995
24995
141025
53995
149575
115565
29761
76000
36995
30998
49691
7777
110245
8883
44899
104790
49997
110765
52919
111890
58995
94998
54999
28999
99595
49499
57999
136035
14995
12495
53500
59991
32281
236725
111215
66987
43980
106395
9995
4995
120465
59900
109475
39993
47999
117998
5995
26999
56900
107575
23999
34991
63792
42495
64999
106211
110175
11990
14500
157775
169085
132275
105900
56999
38995
32999
20495
106415
117315
37990
5995
15900
2999
113130
104915
49995
22800
61991
11995
23900
50991
52900
249775
26999
139200
57825
23890
26900
10995
31850
106525
115505
115565
38989
42999
135905
52983
111365
41499
109975
54991
66991
6788
104710
113945
92917
104385
4695
38999
59980
113750
106525
66993
36900
115280
25877
106185
25995
61998
115870
115565
119350
50969
118525
95995
24750
7999
167275
54850
47941
109475
110985
58988
173465
103420
53995
9999
44810
68290
8495
13995
4995
23991
25995
14950
63003
165000
112955
25995
11995
106115
108525
54523
111145
128510
110435
53998
103315
31995
4750
107085
45990
38881
15988
15999
47955
104665
105590
41195
120435
6995
64900
57500
53888
135430
38999
69882
46995
119755
9500
29995
63995
110335
59944
104789
5995
24820
58882
13995
49900
101125
9995
62888
32500
9995
182840
39995
109835
29999
111165
36990
9990
101195
52999
52888
102625
5999
13995
106895
113520
27900
57780
21995
108665
15980
21999
58993
107085
117240
107820
238270
5495
153740
115565
60991
17995
30999
98515
26995
104825
7795
48984
33988
109575
27927
109075
30491
61999
53999
9991
6995
106475
35495
125025
125775
4988
43750
8995
120100
23991
56991
122165
64995
113915
113720
56985
103115
54999
169650
8995
106295
105030
9980
12988
28995
10000
55999
105620
31966
25000
59990
100865
3950
112785
57982
60511
112425
57995
116441
48950
56995
105240
103115
58000
101780
9000
39995
111365
27950
12995
106395
99995
9999
35998
24999
10995
39988
26495
113945
107575
107605
21995
43991
9995
12555
53990
19900
39995
117275
15900
51995
106525
109405
102920
113005
21995
15995
109135
28900
24997
108155
36595
61998
107085
64998
29999
48990
69988
65991
64988
4995
43995
41550
174135
129365
13870
19995
37988
63991
29993
69888
106875
28995
64982
37999
9998
62950
31999
6900
115020
57999
59327
112265
29834
49900
8292
10991
67950
56888
101642
45966
106365
10987
20562
57800
26500
11995
72850
25981
4650
57890
44999
11499
16438
46995
43900
109830
113985
62990
42999
23995
34999
29895
49998
21995
106585
48999
146925
109825
112775
110575
5990
49999
3995
117045
109375
48900
38900
14448
62900
49998
104340
11450
121065
140610
23995
98095
47999
9999
105625
104975
105145
23917
135365
107030
26489
13977
109665
15750
101755
20000
114755
64881
135165
128025
108145
49888
120105
164395
49995
61994
24649
25875
110435
110175
3100
43989
46950
161675
113955
33990
71900
54420
30988
13599
107575
6895
7999
49995
79950
9981
105550
31995
43889
45495
6500
28000
53995
73999
26986
53931
56999
29999
114970
9590
115515
108991
125165
59995
99900
29995
5986
109885
5970
109345
134215
16998
25888
10995
23500
3499
58991
105745
47950
117565
7900
108815
138955
101920
45995
37990
105145
29900
30995
106965
67984
101445
9933
37991
118165
37499
236965
110935
111820
54991
65000
165875
49432
52051
50999
104210
27970
158905
12900
50895
127535
22989
112515
50877
10999
115565
4998
52999
24995
20671
25790
26991
49995
73888
31789
42950
4995
24967
43900
138265
103030
38895
63500
107375
25888
3995
105180
92000
106420
155095
132825
11800
115135
55363
68980
13977
67999
68900
15975
115515
55950
4995
10988
104135
43965
89882
15990
29991
97620
26884
16995
42995
129991
42950
49990
34888
111015
27488
120890
55988
108020
9995
145999
56350
9994
107085
19995
114075
65991
42800
99191
8995
7899
55563
115555
129966
24991
117315
9990
26981
106295
115015
82227
117535
116545
112775
111835
11995
114515
60999
127895
21654
80964
61862
10958
114325
9999
67793
53994
38887
131785
120940
8490
124895
110435
12900
8995
112955
53989
115565
29900
55999
14995
21795
39880
59992
15990
106735
11995
7999
127965
26995
120530
116795
9500
106785
117315
64991
104445
95325
34897
49989
20999
41995
39999
123775
71994
103015
56990
51900
111365
46000
114665
106895
112465
97475
116735
37789
19995
12950
116165
23995
70000
9995
104890
116270
52555
105755
35995
104300
27995
108145
120140
10900
126020
56877
140935
16991
75995
36895
158090
110660
114310
10995
107435
165991
59900
115555
135565
107375
115105
106525
100635
36991
9995
16785
54888
44850
29888
111365
79995
112840
112995
106555
226465
12990
112425
52500
53999
227075
44750
105625
98635
117590
57990
12985
103615
110435
60982
34994
6491
106705
58953
47995
116285
95325
54695
105465
34492
5838
153185
26891
106680
146225
41999
34950
102895
33976
116190
9900
53995
100725
118092
112955
25488
53995
39495
185910
67990
11888
8999
105145
7995
114780
17995
108065
106335
60995
49940
48999
49999
111105
110420
30997
44995
110830
15900
47999
26991
111025
67950
64894
112865
10896
34995
176205
111430
6300
24899
19988
99595
158515
28473
109430
107435
22999
42999
8987
178325
111460
114195
12500
5991
110435
108988
8988
94995
114165
12955
32971
46990
28900
110635
36478
106965
5976
26999
62981
53888
92881
63900
16999
25990
35890
119965
52777
36988
27995
13995
99998
53990
117840
9995
107245
54000
63981
29900
29995
9998
226465
29991
115205
55991
66960
64900
36499
23999
125205
47995
59999
27846
3999
6995
51981
41900
10995
29888
49991
39850
17800
16959
2500
6199
10981
4499
113460
128285
22780
107090
75900
28980
10995
107010
125303
111565
39800
21750
47977
106215
27995
43591
69991
106075
31657
62988
63991
126425
23977
26999
123412
64991
52950
121060
106595
118265
25993
105115
69900
92900
9995
20995
60000
135810
105180
103420
50349
124995
119620
107245
47992
107235
171115
115420
111460
60987
112765
43988
24990
28900
35900
32882
54884
32900
116545
4900
49900
117015
99825
106585
158515
62002
28551
112205
109850
10991
56995
59992
138210
35495
132365
39990
104795
5800
125540
65900
149575
171360
106595
4495
62900
17991
46995
12995
105115
65992
37500
64988
15291
63995
8995
110580
102030
31950
29997
48995
101192
106520
73888
69791
112180
39995
35998
30990
106825
149575
68900
35995
133801
59900
28000
16950
109991
115155
7991
65434
8950
161605
64900
9488
87917
54970
107575
32888
51981
115565
8896
111365
8199
25995
50990
109500
29990
107485
38900
22888
19995
60999
46991
106075
69900
7777
36950
5995
110725
45995
14999
58998
28497
7995
40900
22490
117665
178820
118070
62977
10241
116545
29996
34880
54995
4995
57777
107575
107715
94900
36991
112465
39900
112805
28900
34995
30990
49970
133025
104795
42900
5999
126415
102475
110515
84888
168315
27890
27481
110575
42999
104472
112405
54979
42900
124065
110435
111610
169525
109425
138265
53992
47500
57420
36999
63899
29987
97530
24988
53991
42995
119785
113185
56995
66900
62800
9980
13991
110085
28991
108365
49991
109625
51998
107435
115065
12899
49995
107515
6995
105975
107135
34999
32900
4995
110435
7990
22982
104035
198175
40995
15590
113750
50997
104165
148525
110075
95991
19995
117615
32991
169525
120875
172740
110695
64995
36944
118190
106215
112985
34995
98675
67990
57900
198175
46210
21995
5999
12490
116325
135335
39999
51899
34305
115705
26455
119075
12900
117340
102625
6995
101445
116500
115180
31884
110970
110420
10999
69777
7700
23995
112955
11995
33877
20995
110770
147725
104811
48800
38290
105625
13695
38990
2999
115015
122975
12998
108815
115241
107340
10991
10000
115365
133090
55000
57995
107860
104165
110164
48990
9000
114675
106215
55990
61896
155875
163215
72900
46999
48002
14950
51995
117090
39989
105180
49977
19950
69999
8995
28499
60481
87991
16980
117780
138265
58981
3750
51999
23900
45971
13500
108650
16995
30999
126490
44999
43990
5995
48791
103165
98515
43996
22500
12995
42900
119205
66448
53000
6995
5700
54990
106910
40599
28999
12980
39999
31999
15950
62492
34487
157070
10989
33850
7995
58992
114455
119905
27980
63869
106215
112880
103275
113480
8999
104925
6988
106235
64944
30850
45991
26900
29800
98175
160735
55091
2988
120260
98105
42991
37989
112055
70984
29900
128070
16988
109615
30999
37992
57995
113900
117425
134595
118780
79995
28872
9995
39981
38995
61300
114740
24950
43250
21900
58995
49888
49625
24850
153520
125940
57771
43975
51955
123015
71450
59769
33950
19999
29917
99001
11900
117925
59995
123125
7999
158165
10670
41995
64994
117285
24977
111022
120405
58999
14900
69777
8981
41791
39990
69850
33966
115565
149575
96988
14900
106595
109360
3200
68000
101082
59980
10995
102765
3995
106715
109565
62981
20000
87777
14500
129115
150915
61488
42793
22900
56988
45490
10995
105085
13980
57900
108465
34995
19988
28500
44998
117025
49981
57995
34995
112915
193795
25888
47977
27989
115640
8999
116015
9995
107605
8977
21500
7950
26875
45990
11881
50000
104725
108505
24999
131030
28000
74995
104925
119055
38974
35995
120965
104575
11995
101375
55898
13999
53009
59981
117340
23999
25485
62995
11990
113340
8495
115565
61878
54995
61788
110420
10959
29998
7995
115065
15995
39988
65995
61777
18995
28995
231225
28900
14950
104795
21996
11991
120580
4995
69877
46981
159085
170175
154875
116850
32968
31900
94998
27900
75211
29900
25988
106295
43298
111365
49900
59992
58793
12977
59888
43000
39990
107715
115065
114070
64990
24844
8995
25707
115215
54891
32999
49990
27777
102885
69992
114265
27991
14295
112955
22995
123685
59911
7988
115565
6995
30499
101195
17790
28991
3295
110675
30898
33998
107435
113455
39986
43900
126685
110085
24999
28991
106590
41998
114625
59990
113400
177760
109000
42670
66777
108710
111960
113945
170720
54991
43950
13995
72992
36995
40991
38988
69851
96800
99799
14977
52986
62999
36535
104165
114250
10900
128740
6900
39933
33000
72992
112605
33295
34667
37995
43991
174900
111905
111890
18970
53982
113753
63668
19950
4995
9995
73994
12990
158515
34900
109275
108940
104110
31986
14995
6988
109625
12981
6999
174425
21500
108810
10995
57991
78888
64877
24900
47988
45000
7900
62995
149900
4995
30495
57995
131215
51571
50995
45995
9999
115065
36800
102025
108562
49521
107880
62950
37999
27995
69980
113615
98401
58900
116120
37888
24988
96881
74996
7994
39995
40995
110435
65000
23995
118085
71994
29995
131555
238025
53990
47000
54995
40900
31995
65900
108145
26950
5995
11495
116765
148615
18977
158965
117340
123360
129855
9998
112955
117305
48999
16900
24995
49900
62900
56975
15880
8500
5950
114475
4441
110935
31991
8998
8900
38495
45000
28990
26668
65283
29981
108035
117840
101445
36995
142885
217950
29981
119937
153325
179530
102825
25000
13961
6885
107435
77992
45995
107190
56800
7995
19900
35995
34350
81989
108145
56500
9990
55995
39995
67888
106715
5988
29991
24995
109600
116580
58995
23992
225425
14900
36800
106965
107510
119465
151991
26919
111530
37700
119115
102665
13995
69990
112365
14950
151710
38900
110435
19999
124365
55983
62881
17999
113275
119510
42988
111410
6999
36770
39900
10990
46950
117840
111365
59996
26990
69991
59995
110935
104935
43995
33900
43900
33991
106610
120875
163925
29995
22349
159005
173685
42499
8900
105635
151660
7995
53990
59000
7995
45995
13995
17495
59000
99986
56259
24991
198175
29995
10998
54800
121425
36911
117045
28500
121255
29964
113945
62995
28977
28888
62000
112955
39999
61991
52991
64980
120175
39998
59991
7488
113035
30995
47990
10995
108940
56850
69900
112825
12977
112265
198175
68595
113760
34995
7900
26341
32499
127310
35995
108145
13250
111460
108905
44500
110435
29900
107435
49999
5995
59991
37577
21900
115565
37900
42999
54990
164950
111900
44596
102825
8550
118999
162835
31900
55981
8000
22000
101232
31991
115565
106635
69995
27999
67900
105961
63991
23995
6900
122655
19950
116955
117455
110160
49991
10495
179725
44354
108145
8000
49991
159475
49871
8999
120000
103910
55995
69991
109225
46777
4980
14995
41995
144625
47215
114465
106075
193060
34995
47999
10991
45988
87778
103410
103295
36498
112361
109425
109715
69987
126995
177725
52811
64991
107810
23750
18990
107245
73891
27900
19900
118070
26995
153780
15988
154315
62581
197520
65900
107485
9995
48995
12500
29995
8495
9500
71981
112425
117275
113800
53550
103475
66981
75900
149575
112730
25999
104340
55995
103810
115565
52995
25877
58771
109005
58991
101885
57900
16999
8977
104095
108175
4500
40995
14995
113945
117340
6995
36999
111411
154624
103281
106385
9990
48995
10000
111930
111100
9450
28300
143685
112850
115065
174510
27674
19995
45553
9995
10000
119170
22488
37499
108815
128045
36482
33900
104585
48900
28981
96911
104495
27888
38989
118070
118265
106525
55994
37992
11995
114215
107385
59995
155390
25500
51900
8985
105515
38495
78518
42991
110575
49800
9488
68481
115850
158890
10995
36950
28990
109705
32991
107915
28000
12995
64740
95825
114880
106475
35980
44995
3499
47995
49989
50995
64995
108505
171335
12999
26990
107495
106660
112955
3500
104475
104125
49315
34991
7995
115915
225335
104345
118415
36777
115500
13850
56750
10495
24995
37995
50490
53990
40999
111365
110085
49800
44900
62888
25995
67500
106895
29994
109145
58222
144605
64995
108085
108365
26988
11885
105720
104960
3995
47905
42995
57900
111890
41995
113275
28995
120405
35500
12994
35995
17999
110575
54970
57875
63991
64995
116545
37999
133025
108285
108940
4900
44941
35981
115430
39950
198175
4800
23995
106555
11995
111000
32966
46777
33900
12995
98621
2488
7900
106610
29990
5995
12850
146075
119740
111395
88500
56990
103455
103525
113275
113945
111015
99890
106130
114740
58950
61995
29988
5999
26900
47453
67991
43990
99965
64995
9888
114690
157050
121425
7000
43995
48995
115555
110085
57888
33988
107965
37000
27560
25900
75998
24995
115695
16995
35992
39995
105005
6900
25870
11900
41900
105505
32900
102512
40800
59759
4995
13995
229120
167575
108120
119275
9995
13000
48995
27200
54900
59900
32900
158515
74991
102570
6977
28750
41499
39877
25555
39881
165915
20995
152510
130775
59995
14995
65874
121135
108005
38995
118125
49880
122465
116035
110935
73999
42999
57900
55900
69991
40950
116545
13995
52982
39000
161360
47499
101445
34995
17499
44971
14988
47699
24175
21980
61895
104165
58913
63002
71887
43888
27991
71994
119715
79995
61881
107411
117440
114445
59998
118805
41988
40950
115420
12995
16950
8988
25990
69999
115095
9999
15995
18567
117365
169995
110585
61900
114445
162770
33000
48489
120465
12985
137870
122720
6499
48490
10495
96691
79900
29995
3990
29989
63991
56980
8991
41995
113215
32991
70000
114715
25900
106775
106625
107435
146715
12999
131675
7800
95950
12290
38988
41991
49991
113390
91999
21995
111805
12000
69991
73816
31900
140600
65995
87991
8495
114070
105285
48999
106420
41900
108375
11495
116545
50991
113750
113945
68888
29990
116545
69500
119555
12991
18999
8995
55992
64989
99995
59900
71995
35595
17977
111060
24991
29880
62951
55997
59991
58971
21985
111365
124025
116395
119575
5500
26995
37995
157185
37997
59993
41983
25992
114225
10877
64991
21500
24995
104165
64888
15823
113505
113565
5922
176580
102625
71995
124165
167120
9995
125320
102240
31899
106785
36988
54995
7000
53994
108995
59981
77981
114415
52993
120425
61601
106075
110575
105720
32989
105060
26577
104235
104445
106715
57990
13995
108105
10000
129365
49995
66991
113945
109075
47977
111015
118025
6995
99155
31182
59982
47994
113765
55991
54991
111365
8995
126665
114390
110665
126725
106525
70789
111610
49750
159310
59888
53900
35999
121225
119998
36595
109515
123605
64995
111925
4900
36988
49991
9999
42999
112955
108235
84981
26991
111625
116245
157255
114890
7900
113765
74995
68562
98995
43692
59991
41500
6995
12995
98905
112695
29989
114895
16999
38988
50998
36826
167915
149575
37995
111740
75888
105325
115835
59995
132965
7999
158515
59995
55000
62991
112375
24995
54810
21990
57991
44900
105725
61964
17995
39991
28495
7990
116680
10990
9995
47455
107085
31994
109410
38777
104825
59995
36998
49900
53954
11985
112125
10995
115460
121860
100270
106610
59680
159805
17417
31981
39555
17999
53888
15595
7500
98325
164565
9495
116815
3744
116545
118265
28991
6995
43900
35997
108505
184575
117045
8000
34997
109765
103455
108285
13476
112265
36800
57775
107435
17495
160395
35800
48882
104945
10900
54487
54997
11888
40995
58979
110265
9995
4995
107235
39000
26888
55999
115712
63995
14999
23974
88991
106895
55950
222615
51050
130175
59772
64957
18989
30999
32891
116945
59740
7690
66900
42995
27988
166675
6900
6995
77995
26900
57999
107055
51995
62995
52990
9888
56450
110435
107085
25888
57888
33995
137825
15985
25849
36990
109215
154675
61922
157090
41982
4500
54985
104165
29919
109300
12999
110665
26581
100982
122520
31977
30900
20995
28775
111075
63991
38500
107035
5950
62990
28500
41777
16888
100845
9900
68900
31994
23995
51997
109015
105610
108815
26981
103925
101821
56900
149575
54900
9999
7995
27499
26995
59888
101195
146775
121815
114981
115965
119425
23999
8990
52999
66981
125465
105375
64998
5689
47526
116365
36995
58995
109715
118960
106585
109300
72884
57995
34995
65774
77991
22995
1000
65998
109495
117045
39995
116260
111365
52786
36999
8400
31995
26950
111535
79982
14989
105125
117330
39900
14991
118265
15995
32995
35900
102115
136625
69991
171075
72901
56750
29995
126590
122770
44996
26900
30299
111365
18900
64900
69995
116060
108505
163285
116255
49950
33995
32991
63800
105045
105975
15800
104900
28399
39000
24990
122405
108520
55988
69850
71595
28977
4995
107245
104595
47995
22900
14992
118280
18821
25900
27900
94112
103140
9980
55994
103390
104445
65998
2600
35500
29900
94491
26900
27900
110435
33989
107795
118620
12900
158515
49990
112605
12988
44991
49991
47995
60740
39991
121415
6999
52800
9900
24101
125615
146075
13977
111365
41999
233625
6995
22988
115565
109275
6995
15995
110755
12995
32990
54995
101235
44000
25300
117945
40788
41988
104085
121965
110375
103085
48782
61888
13999
114315
7495
22900
101325
107985
58997
107605
22995
10500
9970
49000
115565
69995
9995
34995
107735
8495
102825
54991
46980
66992
107575
111690
41029
13750
29995
59997
115065
116665
11850
21975
100642
5250
13900
107575
48917
97890
115555
75991
115285
6990
164315
54998
106235
94993
23990
105535
115325
172590
112815
12999
101995
108810
29995
39400
169185
65444
63500
53250
106450
27850
122305
121925
64975
48981
107690
144832
94500
116440
59989
113945
113900
105725
94991
20994
27950
37995
46794
56847
21890
64918
12310
11980
104355
105145
43995
112305
62900
38999
110175
7500
42900
121535
26991
167171
29995
44850
12995
115555
113900
31941
69991
8377
64900
54991
112705
121295
115915
113480
110435
74850
23999
104725
127765
120835
25995
34790
34991
29995
23999
112465
24900
5900
118165
70199
56991
22992
97000
50988
106895
155300
107320
28995
77981
108145
20780
74998
116475
108530
102840
30950
102620
9995
10995
108020
21888
49580
50988
34984
149175
8990
73995
36993
39999
165275
7950
34900
54924
110435
47888
11995
58761
59900
6998
158035
63990
104925
106110
30927
25900
37991
111140
224625
12995
120425
49988
107875
112865
74995
62966
119155
59900
105760
27140
62995
45995
79995
1990
5995
6995
114715
35966
4699
34981
109265
7995
12000
117315
48775
105935
17924
109225
103645
12999
6900
10000
109275
16995
131465
102270
69500
51995
51992
6494
108000
118395
26995
120890
108615
42995
165590
104795
122415
46490
8900
43990
27750
2700
39991
126790
112185
33961
51663
34994
41997
129980
104705
29890
31999
47995
118660
26977
99825
27000
135015
39988
40995
45000
55950
59995
44993
121834
69988
108605
10995
67888
110435
32981
39895
164025
58678
106675
102061
107985
115510
2995
12936
110755
45995
47888
39998
107735
24977
181785
67944
34900
49450
94900
11986
26866
34995
16000
51900
11900
28794
49985
157775
108180
41888
31989
59850
106135
7900
108145
59891
14995
108775
18900
8990
110970
68500
105625
359503
108665
66916
55750
56981
117140
53895
112215
52999
11991
28499
58999
15991
109160
112955
88888
64900
45999
26493
113455
77888
25995
117945
114275
9995
36998
128870
164415
165335
66988
24910
215945
121925
10995
106895
110435
118320
113090
6995
110935
44444
115335
52995
9451
107245
113045
36888
49999
115065
52991
8477
99470
9493
10999
52988
27995
54888
6500
110065
103190
58900
100620
117340
45995
107515
132995
104585
106375
104900
57994
30481
121999
4650
112015
56995
65000
120865
21995
46499
106215
104825
65992
29500
65991
13995
121535
61996
20993
38995
10900
10900
117840
111655
120960
58998
126590
39000
2800
63991
45999
45897
114795
115215
128785
27990
113945
37499
22999
42982
106585
108365
30990
9950
53495
15091
110710
107115
18966
8991
114445
177025
6995
112585
149575
126335
24998
28990
29999
107735
110720
125280
49990
120425
136615
110225
120025
10950
29995
30995
66881
118610
68957
9995
31999
99595
25950
116835
54991
8995
107085
19995
28995
42981
9000
4995
120175
104585
227370
107065
27999
55995
24975
26888
114165
63493
32152
51880
66993
61990
94998
14980
126925
31993
107485
121175
120045
99991
31995
110435
142535
64950
108230
110935
25995
57981
55990
128875
73448
11495
57990
42888
109991
111995
59000
61988
12900
35990
101075
67900
106065
111075
119745
24995
11800
19998
54327
113665
98988
103495
23991
26975
149575
166885
5900
34850
9995
13991
102885
116905
103815
38990
52999
116910
113455
127375
122860
101125
117495
106915
113945
9995
26000
49999
29954
8977
69998
38998
47000
9995
104085
9995
34995
118960
16595
30488
37500
9995
32988
171285
20000
105025
55000
109735
51995
16944
13900
103900
6000
36284
154075
28997
25873
69988
118165
19995
162155
51994
7185
29991
32995
9995
115555
109125
98770
33888
112265
9999
114415
104705
54990
65001
55991
116715
198175
67993
107735
109300
53499
123045
106475
12495
108305
79991
112865
104575
77991
2995
87981
38810
35795
29998
53990
37885
6950
9506
59850
125885
34991
51986
69991
111635
125211
42950
22770
36606
113005
10995
28500
167735
102765
60995
35995
28900
22995
119980
37993
21983
136080
28991
109930
93501
33990
116315
112915
45991
49500
110935
11999
31891
106585
59991
15745
116925
137615
44777
71870
48900
47995
120540
116350
113945
35495
55970
54999
33987
57995
29499
116850
112665
118265
32900
29995
7999
102755
154090
58700
44999
6595
114165
114525
110100
45000
18500
129550
95991
109375
12993
59800
54948
65900
42995
110991
5995
117295
41950
52995
116680
36990
45888
24950
27991
51988
34992
169525
7994
57800
18500
44900
20992
19990
122720
107085
39600
56991
42974
114060
75881
5444
114895
108815
69991
26900
60000
107325
7990
51890
31964
62900
24995
24750
107245
108505
107085
115265
57991
51995
27985
39930
49900
106525
107812
28980
84998
162625
7989
119815
92900
55488
100390
107085
106610
39995
72991
106935
37900
6955
114955
102562
4999
45997
2595
112565
56900
59991
119155
66948
35995
110375
8888
106100
48995
106595
9500
53950
123950
106115
101575
52450
33955
64981
51991
7888
112680
7495
48995
47700
25900
168615
112255
7500
149575
137275
111595
110435
59761
57900
56900
109025
170065
101195
35994
7500
101998
42988
109920
34994
115705
107880
19499
37991
20998
59661
42991
159620
39881
25980
114125
143145
43900
48499
110435
13000
39994
117970
6999
69954
26500
117720
11900
60950
61995
151040
44950
109405
5900
47988
58991
108370
115565
94991
14900
106075
24950
33950
107210
54900
114460
11950
108435
105485
35881
133175
48250
4995
5684
19995
111365
107245
46995
46791
59961
106215
92991
22995
46991
124070
17300
44999
106075
34988
116310
59991
106095
26890
32900
25983
49989
38895
52995
56995
36900
29993
56991
67991
68995
113945
59998
4984
65991
156800
64925
12790
46782
27995
118675
111965
126410
107985
26595
49995
6995
103435
45000
9995
20999
50998
23495
35990
10491
2700
7995
131550
107755
53421
115565
7500
26500
107525
118165
60995
3967
9855
10924
72900
39444
93825
28849
158515
44888
62900
38988
3995
12997
8900
15540
109340
29986
24995
46991
114805
109705
111665
62500
6990
61991
64998
32995
149575
53900
11900
111175
59900
40918
114570
55998
115665
9942
64991
50999
12995
118665
93322
26999
78887
116765
13999
108222
114405
116475
124999
33995
42899
10900
122115
29998
21450
62932
7995
234915
100615
7995
60984
138265
39700
46994
48592
122615
26987
21900
117865
58788
53800
94877
114925
113945
36895
10999
56786
42991
34999
107575
4900
44850
13498
35995
70977
5995
33999
50777
27995
113750
102345
27788
114715
57495
11995
7995
114375
60703
108851
40995
110085
46888
121550
35441
104425
27991
40998
136735
34880
105824
59345
26988
97900
112680
115065
106895
9990
11998
123425
145845
10597
66995
100985
53990
118335
109895
106994
24995
31991
55999
115665
72993
59995
8995
33900
116325
117775
115835
14950
132880
102825
116325
13993
82776
10991
58654
31995
117825
102165
15900
39900
110375
111365
108145
36989
59988
53992
105145
38495
45995
35995
51900
44991
115685
106385
14977
57900
107385
40888
10995
6990
59990
17988
39900
7449
116545
25981
114470
104925
104445
48488
121175
108375
11259
69888
36499
14800
27500
116580
114850
10900
111465
12975
74900
26783
6999
31999
59761
58999
16995
63995
18977
139065
259275
113945
106275
108190
61991
20891
110905
39800
24990
9977
107575
50322
13995
37980
113945
8870
52998
139015
33995
27345
113660
149575
198175
113945
39991
107120
50994
160825
59995
27995
11000
11595
15993
65900
44995
120070
70990
19995
39995
10950
42999
113125
112955
52777
35995
10991
8400
91951
103390
113025
61475
250271
27950
34995
118210
37991
119380
117645
119240
115705
107991
57000
64995
96991
8995
7900
7995
44850
113455
25873
101815
49981
40950
58994
3999
74000
51800
44995
39995
19995
13994
107575
24995
66649
28990
148461
58994
29977
20987
108285
29900
87895
13950
30888
16995
27990
162395
121265
71991
40995
8995
57995
61955
39995
47561
98832
33999
9995
107735
57000
37990
27884
119320
59995
69991
9995
108045
59989
10990
115915
122105
24750
56995
74899
117090
31990
29000
29995
71001
31991
73990
58998
149575
70492
30992
103065
18950
37995
16900
64978
12999
3951
17989
54991
32800
63995
83991
118165
65900
39950
59000
53992
9995
64987
21995
61995
67858
115565
23995
160685
51994
32991
16993
102360
38991
108425
123110
109300
23981
158515
51981
180175
102360
6000
12980
1995
46995
111415
133160
62800
38952
92891
160085
104165
12988
139060
156515
23500
116850
107015
104585
76992
5999
108415
59950
60993
59000
153895
24900
33993
29880
108520
120195
21995
21995
104885
31995
6995
120930
128245
38900
27985
35993
112685
27599
52999
18998
31966
106215
113830
69950
54007
104095
105345
79500
122825
113555
123305
51001
123995
111080
110405
26399
9700
110560
113070
101640
19999
62992
115645
111995
26988
113120
7900
105590
26950
24731
94962
4000
38994
32999
46888
17790
39997
49999
59944
6999
38296
29900
8995
72500
29980
107565
45950
10995
22874
57757
13680
111730
65001
45900
163385
29850
89800
110705
117725
5788
11983
102625
37995
107865
46990
7995
11900
29975
29777
10900
3995
57991
66950
89950
106645
108900
41900
109275
25998
12963
9880
38995
119065
112730
6985
11950
37545
58995
36900
31995
125870
169865
33500
12995
63995
28980
49695
52997
53988
108370
27895
37900
77500
112955
22995
139900
102885
46991
84900
49777
110585
41991
15900
45000
33888
89950
196360
26500
225425
58250
24973
47999
3990
9195
36900
115215
14950
174335
110435
65981
56950
10995
115565
124900
7995
32895
116145
59999
69991
132025
47977
163910
12997
3456
16991
116325
35800
106525
111365
49999
234915
12596
33900
94175
21495
64995
99301
107435
110315
107915
60000
169999
48850
108175
69991
157575
165485
110935
116340
22995
117970
111505
7999
13500
43780
24995
178835
71856
29999
108145
118000
112160
183320
9995
171275
53777
51900
6995
110435
18990
8999
47980
23997
54998
54988
59995
47995
53995
11400
28000
69991
52793
57995
61991
114475
120465
105421
12991
36500
110840
10900
31985
108145
31971
66354
41884
5994
129675
42990
50994
32995
147065
54835
65995
42988
107515
9995
42990
13995
126750
27900
44499
72494
36900
113455
118165
149575
228475
12500
117340
6995
30552
8995
60791
111365
23494
8795
3999
24995
123135
36995
37995
61949
100725
33999
110935
118320
110935
105905
41500
27921
149735
106275
62000
107325
129000
65888
108295
62207
55555
114425
62980
42498
118315
48888
24995
8999
113010
22995
107795
11998
62491
9991
107235
8950
64991
107635
106525
114645
102625
31950
45995
113940
49997
110170
100852
39999
42995
48000
161775
7850
26995
28950
117475
169065
120045
64895
59989
61670
102025
40993
73900
92888
69950
61650
96650
108125
111515
7993
118670
111465
138085
113005
21999
106071
12995
107775
5533
16990
28999
16990
37400
8999
12995
46917
12488
14900
27881
18995
41888
59999
56995
109820
39990
15977
77515
10595
4985
161870
111505
4892
111655
19000
147225
117815
49999
53995
7888
11900
114715
68900
49946
24888
27995
106215
124420
97925
12900
42995
44991
74900
116395
43900
115175
54995
116910
119655
118305
43952
74995
110125
37711
52995
10942
56995
114070
118305
110435
14984
43900
36995
45917
39988
7990
105311
109425
160685
39991
39919
56995
89831
1991
110680
57992
26999
34981
5995
171525
137750
60850
28850
11995
117515
45988
110435
23995
8992
45998
105645
59589
121865
105485
118575
57991
48995
122540
110435
54988
117965
26900
36900
107085
23500
66988
101890
59900
41900
37995
67995
40995
105345
148401
35994
107325
127755
122060
31495
128665
117000
43900
37498
102185
108985
108815
69950
35999
45995
57982
17900
61800
6995
29877
71977
48900
105610
58995
103725
8981
30900
163845
61998
113945
4990
157870
113190
59800
39900
112955
25000
31988
6999
33988
49995
108350
61990
30976
27911
16391
25995
115065
114495
119805
108460
158025
107745
7156
104885
87888
8405
111515
123610
112685
29999
10991
105815
106080
27998
122445
99888
27955
38500
112725
34880
59950
17500
23995
68731
112865
89883
21000
54911
16900
55999
74491
10991
10877
14977
107635
113945
107735
156970
31990
69991
19999
164130
107301
128585
60994
9999
47795
2995
59499
46975
8995
117250
34991
105310
11978
119565
110435
69995
130575
49991
37999
25985
26995
34988
179135
29439
146075
6995
59800
107550
23995
40994
8999
53950
4495
39991
27991
32786
28995
104880
65998
15643
36992
116545
58900
139265
63905
114430
54000
22998
3277
111365
105435
62888
61990
22988
110265
26995
164395
17990
27485
47995
106585
100530
169900
20939
49999
8950
15992
64315
36888
53888
20872
102825
21988
57950
10990
65499
52991
33491
33995
11995
29950
28995
109255
27995
149575
122805
115065
63500
164015
3950
62988
14995
112155
108775
64900
59000
5988
34900
115065
115555
61995
11991
107320
12400
16475
62991
108381
147720
115510
34749
23995
122155
26990
109635
106555
54000
20995
3995
5995
44933
36690
22995
111365
34900
99595
39900
39856
40777
41999
47499
31900
9995
112815
16990
19988
30955
39999
54900
111370
113500
6850
52995
17500
68881
55999
104276
61995
108505
115565
27995
25995
58992
59991
64999
120135
11950
4900
116325
104795
35995
104575
69500
7991
14999
11588
29999
54793
10495
49995
107735
51981
17000
113945
84999
25995
40900
25990
25995
7995
7995
28995
32900
3195
120995
12950
27389
29810
53888
36950
113690
6995
39995
10999
35900
135565
120515
59900
43820
12900
115200
43995
172090
123380
116545
108290
34988
107435
103525
104765
31888
155415
44996
160475
102395
121015
30990
99485
55777
118375
114070
59990
24775
54995
6995
30995
70000
115070
107735
800
7588
78419
109025
7988
112825
9999
18885
53895
74491
123420
84995
51995
38990
41995
106834
34995
48977
124920
64995
46981
124260
102825
46877
108675
109235
6995
39499
39995
7399
6999
65961
7500
46491
11995
2995
61991
22499
63950
149575
120350
116065
58995
59800
121300
56988
108865
13995
114665
176685
40495
94883
4995
28991
115065
33988
59900
29995
43880
107375
7990
6295
25989
995
104665
110085
109955
39986
6995
59950
159725
112010
42995
53950
26677
45971
5991
117910
59849
46995
52885
40999
11795
10994
45988
126001
103085
17995
32995
54991
10883
114460
117945
112955
14913
59990
16888
36088
4989
25999
27500
102345
15995
30988
111365
81991
29888
11950
54991
33592
39988
14999
121655
79888
33999
41995
50900
42900
7000
116000
112955
113275
69991
121275
122275
103325
14880
116385
110935
117515
109460
9400
27890
110285
117050
108335
113370
108355
15500
44799
99595
99575
4995
105815
23985
42391
113215
26900
10490
43777
21000
9900
24999
44000
117580
95815
37900
63990
108865
111365
123210
67983
52995
16990
110175
190275
44990
11999
105325
112365
7995
114740
48990
59995
104165
6995
39495
32500
26850
85888
40990
117855
24999
41990
8991
109625
25555
26999
62000
98325
118205
28980
62944
54995
45985
116895
114280
4999
69871
120400
9995
7950
170075
24495
57999
79888
84991
63775
8991
33000
16900
110085
8914
11995
9500
35998
109625
30888
54991
115450
8995
154050
59995
8950
110935
115205
105940
42888
62901
32999
57981
60995
11995
5990
105885
126505
158105
29999
113175
174395
117890
57900
106440
49995
49900
13700
45995
2695
113560
59991
74830
57995
103155
112315
25990
79900
135820
36991
106675
79980
7500
95900
60782
60295
102857
24991
108085
74995
27995
65999
44999
41991
63995
31995
108370
4900
44994
177681
113315
31425
41888
36890
45900
106215
61990
156030
62991
106075
107710
102625
5900
58999
117665
111490
29895
110065
5595
2495
3998
47999
115565
8995
41999
22997
5995
13765
53995
47495
9999
117475
115670
114070
115065
8950
59998
41988
112311
95062
2900
52923
119075
265097
113945
105170
102995
108145
32500
55998
16988
59999
31712
104991
5999
65788
76991
19999
111775
41994
33988
29995
107575
64988
108525
9985
123440
59990
103420
39888
8850
23992
68900
49994
108675
9000
59995
104285
104575
12980
105145
113285
105625
49995
9990
15789
137475
101815
149575
47991
57900
13800
111365
118385
227925
31495
118765
57991
129405
118605
27988
19800
115565
41991
107385
60995
29995
175835
69900
47995
7995
112991
24991
114995
29000
72900
121240
8995
112815
99442
47995
48849
173985
38500
30988
108961
5300
111810
113945
7999
19777
13499
36777
51900
49995
108585
48758
59995
107085
123275
110435
57941
7995
106525
53895
106975
112865
12900
124250
7900
48000
3200
64998
115065
25870
56490
149575
110815
6990
59990
44990
31595
107215
106585
118165
101920
32900
109300
149575
43932
105025
108035
114160
104111
32852
54950
38950
35991
28999
50789
40995
170120
107575
46165
119205
59995
107435
103900
6995
32988
102825
6900
127125
8900
69995
41880
14995
38991
108815
44900
29455
116315
44733
22999
69995
105815
34991
106811
122425
116055
19999
30437
111825
111365
6991
3100
110435
107015
11995
8900
51998
12412
113945
41999
58998
56990
113675
75900
29995
2977
4885
108815
69991
114570
114740
170625
23997
14349
111075
136125
67986
117315
30777
9990
8000
15992
25995
57850
26899
103085
45950
121065
138765
4995
85988
19900
49880
105020
4495
107520
55998
8995
106135
100805
28995
21900
130765
104960
28995
135870
110085
55995
109075
56919
63995
24477
146075
39700
108365
155670
104960
146815
34900
44990
17995
107725
16759
63770
46999
62995
62995
118165
108075
38500
138765
28995
105175
18995
114740
94400
13990
32594
104585
77991
151745
17995
162215
4999
52889
50999
127125
109950
26890
48999
107865
26988
100998
22544
13900
126865
94917
7895
42900
58994
34040
7499
139015
14990
107895
110435
12995
7599
103420
26900
14499
118975
36000
112055
118510
113945
46941
2995
47995
14511
103815
114261
124545
5900
35995
114410
21995
7400
13999
33995
105460
118665
61994
130995
44995
101125
109300
23999
23900
104475
107435
76278
69900
22995
9249
108365
113195
106895
42990
104165
11990
114025
107205
157160
48995
7900
5900
8995
7995
18000
132505
109410
25950
108455
52995
64994
99994
172925
106840
11995
44990
39491
108530
22975
45995
33995
42995
100771
54991
68900
103085
6995
59998
117310
23991
40881
120525
111505
103680
106495
139155
33991
108000
120330
157325
111515
113795
113065
111415
14995
10995
30995
111365
33966
44500
106525
64990
74980
34919
52988
152385
44968
121425
10900
59800
123215
28500
113945
175570
103810
28971
7495
54881
10994
22498
6995
102225
32990
12900
52930
37000
39995
13000
53995
143425
29995
107085
33981
164395
107575
26855
111165
5495
102825
35995
49900
61991
42999
107380
32995
12988
79991
8495
11999
95994
102625
18995
58950
46995
47907
14850
113455
36999
14977
108145
159535
24999
38900
29994
59992
167650
117791
13990
53994
27995
62481
27795
113995
56850
25999
2500
61991
44500
112020
58000
105815
108940
118565
11900
101325
8875
63003
123655
23997
34999
110435
104030
12750
21500
110875
64995
6900
72995
115565
136645
10995
22486
23995
54914
48900
79900
127715
28988
39500
23995
25000
53888
110020
59995
43595
184335
62592
29500
9955
27900
44495
112865
4995
116715
66999
118265
50000
56999
39995
46450
17990
19995
13977
8499
39900
230825
33991
106325
102825
5996
116915
49988
158460
48500
59592
64559
39983
11777
44870
7000
37426
109625
116545
35901
123715
114315
129330
107325
120650
172265
3500
106215
176135
39995
22950
112865
6950
57995
49950
23995
57982
49900
54991
34990
116545
103900
104225
51988
115865
166411
29950
6996
69981
64888
9991
32988
49999
126615
57900
113415
52900
26950
8500
111515
49995
44995
103990
105175
22000
110085
108785
63998
44989
107241
995
189795
5880
3900
2995
27920
116435
9995
8995
13999
107065
45788
5700
47898
6995
41991
13995
18995
109225
4999
119755
9995
55970
58992
43998
106585
11925
115565
31000
115565
108455
137695
36995
49877
108145
56995
119900
51990
105910
28899
7499
108145
107965
44995
116135
7938
57487
31995
13500
110325
46900
58995
12995
103115
11999
113665
44997
7988
104225
118580
115965
7000
13000
114475
42900
152025
102825
72991
104125
8950
32999
73900
27352
55888
45911
11900
14900
107435
24995
32787
4950
38995
47900
101235
109575
57999
29500
119505
121925
128135
46995
25988
59999
11995
9999
107875
145160
104170
71990
51119
108415
110435
58991
71991
25757
108231
148430
28888
9995
46888
34988
189795
36995
117710
112343
54999
13995
41950
4995
157185
49995
9995
47961
64500
51950
37888
107925
13999
2700
66878
110560
168955
16980
127945
28995
104615
29977
104165
112960
42950
47900
107745
24998
113945
48995
157255
113275
120065
40999
108860
12994
23997
53991
48900
114175
28991
39950
69950
153520
109185
149575
12985
109495
7995
58900
53597
116565
19995
71991
126935
112055
97995
106870
102375
24850
35900
44988
105975
8988
48995
103065
117950
114585
5988
46995
151235
79991
29995
53991
106475
35800
110555
8199
108505
54991
154090
25000
6994
61994
96595
25882
23988
26599
61000
44999
61994
168135
37490
63544
27995
58897
116545
34499
9995
198175
64911
9495
107340
125370
115565
47990
111365
109315
36981
29994
63975
39900
5750
110460
115205
34988
39900
7980
22450
9995
46995
102625
31988
118080
108145
120325
21999
99595
114665
23997
107562
5900
26979
118315
7995
115590
122670
112955
12888
107745
34999
29980
116455
7990
115815
128225
103995
29998
115065
99595
62990
117725
59950
115555
54995
95995
110935
39991
117165
16999
12995
151830
85995
102840
27990
52999
112065
120775
23990
64001
37294
49992
25999
62999
106525
47995
59990
118895
102505
28998
107090
15995
75777
61746
8981
34888
106075
116985
34998
53995
66900
21999
29817
36994
39999
110435
112765
112960
49950
66991
94888
54579
110435
113210
27999
52950
19988
59995
25867
26900
10926
149525
50479
50948
33900
9770
32900
42995
126340
37999
51985
45494
33699
106895
37981
109460
9311
104585
31987
31900
29514
11595
19999
12999
68900
104925
12800
10900
106992
71491
102375
138210
29900
33998
13988
11998
49950
58981
45995
62888
114435
8950
10689
53892
111365
113455
106275
102375
63992
124725
33891
12993
65942
31991
56750
26900
29995
61981
43000
45995
7027
34995
57917
38888
52687
16888
29833
38990
44850
116415
60999
104825
166975
63364
44995
24990
169760
16000
112255
121825
105021
59900
7900
33900
87994
55995
112955
109685
42990
104075
115565
141535
49995
111365
24995
9995
21950
114025
5990
121425
155315
43995
114875
7999
62910
42991
16000
26998
49990
32998
59991
27992
46865
115705
109441
10995
8998
25900
23999
106895
61991
115065
25995
11988
24888
7991
19995
29500
119055
8985
116060
126185
115925
117630
163815
54883
46800
109915
53000
29999
112865
107435
58995
55981
108375
102625
110290
107320
49995
69991
29991
38089
52999
113265
19995
69988
105625
50981
9000
93995
110175
243425
110265
145415
79995
8888
72991
30789
26990
127105
6800
13395
57989
58900
51998
52855
102991
25981
118830
111410
59791
165155
117340
103415
47800
57991
145165
13998
110435
11890
70000
57777
121740
60991
111855
136275
37899
110265
36995
63000
16900
62890
108505
10990
14991
19988
48995
104995
109615
102025
121875
66988
72999
4490
59995
109665
106255
112955
33850
14900
107840
102125
159965
30980
5995
34994
102460
26700
49998
42500
116350
49750
6495
80500
67995
107085
41000
111855
43995
47995
30000
53995
58990
78992
117185
6999
23990
42995
9998
6500
46998
43861
23995
2950
49800
108410
109300
19995
28300
149575
39988
23981
138175
8999
52599
9991
108065
14500
59990
113275
105975
108230
6995
115565
15990
37999
137985
153465
31999
41988
117045
67991
115565
107851
51991
116545
75992
26995
115555
34991
57995
117875
59788
118690
44995
51991
33541
75995
115575
106585
59880
27999
48999
35988
102885
109145
16988
57591
31984
36900
27999
113325
126410
7788
110435
111710
112960
108940
41500
110370
11800
123455
39888
56995
124900
37998
11995
48500
30988
75494
108555
23995
7995
48999
109765
9995
118685
110880
57500
9500
63995
10500
59995
133525
25995
39995
126420
56995
107370
72592
21950
121805
111145
27500
8995
28800
11911
4995
107795
88994
5995
19950
9995
11991
25994
35988
109991
172195
44995
27990
31499
126095
43995
69999
105945
31950
52999
149375
108475
25995
3995
23900
63988
110815
29888
113945
99998
25990
110875
98900
38995
116630
33500
106235
17968
37850
42995
42995
29000
129085
107795
61650
109930
105305
12995
120035
100725
8991
124410
12900
17990
7495
115460
12995
104795
14940
64995
14999
56995
7998
58800
48888
58970
122365
12995
114070
46888
115440
45500
54900
36991
41595
99888
107775
118165
34995
110025
120375
112465
7995
135905
47880
35995
111360
30000
9995
20999
33881
115565
51003
3700
30000
112465
18695
106670
99991
63000
127691
35995
6000
59895
22444
160475
39988
114740
26288
112685
45950
63998
64888
110435
11989
46991
49800
29500
62991
12995
37591
155230
111655
24995
59900
47988
108055
107725
57950
58737
9990
114275
111165
114740
10790
8111
104340
22995
3595
35558
167365
28491
98325
2499
114025
58991
111230
25999
31488
110965
117025
7995
49492
46900
107515
13988
19995
46000
59300
87900
53001
62995
8984
20997
114712
46995
119370
63001
34712
23661
69993
14995
115565
8000
9990
112635
59995
8834
84991
149025
3495
159350
33981
13000
40995
106870
47000
56999
10995
55995
13995
59995
48840
18975
111365
13995
103645
71990
12555
98325
117605
7950
12995
41995
136310
79900
7991
101870
15000
39891
111165
74993
115635
102121
29995
157001
159991
58991
35000
70991
104385
36998
113045
109625
55989
6995
113455
138165
103993
69900
68995
8000
49883
7995
112465
150000
26904
106675
38995
109310
39995
111025
62644
101920
110435
32995
121915
23990
169365
29783
6750
10888
198175
147725
41999
49991
115175
61992
6995
48900
45888
63981
176545
108120
24887
49000
111960
26900
13959
108505
101395
3995
7505
117991
193225
106895
98720
15000
104095
54995
11900
49992
25450
76000
56900
93312
149800
41991
105625
15000
104225
35999
10988
4995
110420
23995
51491
50994
35595
116350
9990
54500
116775
193475
71978
111365
124805
29998
108125
107865
114130
47995
114710
95121
100441
8990
38984
105115
64999
106475
131675
8999
39995
104995
115265
123165
109165
11903
105725
163965
29990
34988
110935
115000
120930
58990
53777
102375
108675
31995
46900
28990
26500
27898
30770
21950
110175
30988
2800
119545
8983
7991
122075
28980
44989
24988
81975
56443
33997
48981
114565
111715
161515
119860
10950
12492
110435
52900
9999
98325
13500
14995
17850
103615
33920
40850
10995
19000
99120
38860
8900
118875
57995
25966
32995
62988
139745
4991
39991
23900
24895
43750
114225
11985
107575
106585
36277
111905
29988
118865
49999
117945
117440
64981
106815
29990
166275
7999
58999
58777
4500
6888
62891
50999
58900
15990
84900
113945
107650
114905
108421
65460
39995
29990
114785
37992
54791
56991
117475
15450
62898
55995
31995
6995
12550
161510
115215
99760
13717
113750
99435
69991
107380
32999
103295
63960
14953
52488
42991
33994
104690
58999
44994
3995
17995
12495
121700
25991
27990
110435
11995
39890
11888
105485
56990
44500
25990
8900
62991
147515
15995
6995
29995
108370
5995
104085
36900
34999
104725
115885
105345
11800
33900
121525
54995
5995
52991
33995
19995
37402
43200
10995
14900
69990
53000
114165
39288
111365
17995
157135
66900
27990
13995
7995
128610
112865
71881
38998
119370
45995
31921
115565
20995
107575
106515
108675
35998
10500
27495
59988
102951
5999
107245
57788
112165
121925
34881
115205
107845
74990
22995
149998
119435
102595
53991
56900
143105
42999
59994
111120
149575
52876
5990
112130
104095
49995
31995
117905
120275
39995
69950
28900
36993
49991
28995
40998
145011
21995
28888
37398
31999
49900
74777
55995
31998
31950
118065
91990
79998
4995
37990
27995
24991
7495
33999
68981
8888
38900
40849
102275
39950
14995
139015
29915
25485
114785
23480
42500
34999
105625
113285
7990
65990
12900
139015
172365
109460
54890
65981
44290
8500
53995
26982
45900
23995
31995
40999
109215
52000
66888
29777
27995
5999
66960
9798
158400
104975
103645
158980
84000
53900
114600
13990
66891
106890
27950
113390
29888
12995
106555
114915
110420
28840
54994
38995
116790
39777
110575
112055
33884
114740
10500
5990
26994
137870
109525
13988
16499
106115
107085
111760
60000
108145
63881
112960
124565
103995
23900
116240
58995
49991
32499
66770
155449
54991
105145
35999
34995
111575
103895
7995
37995
102765
47995
35855
99997
52998
58999
42350
48900
11990
9980
72888
36204
109075
64981
25995
51991
10995
111015
30888
112155
14950
25995
52900
23295
141820
108815
62950
56995
4595
75894
46995
9995
126685
37559
110920
114175
123425
66987
48491
29995
7995
56888
38988
43995
62991
27499
47950
112265
149575
3999
14888
118525
53995
37995
65992
7995
99888
108175
59800
111855
27660
26900
10985
26900
114625
68888
16995
106895
38500
3000
54000
103315
116505
6988
14995
14988
111715
116025
29995
45495
113455
42995
108085
113825
108905
110435
7995
4995
11995
24854
115965
51995
118150
117945
35991
63990
62000
69995
109115
119405
111550
25000
57800
5988
104165
112495
105725
105745
63740
3995
36850
69499
108660
99301
9888
73999
34991
116980
60999
102515
10788
102370
10995
60993
105551
17118
39950
30000
114070
51877
49991
9955
111785
5995
49800
9995
58979
110635
123960
49950
34950
7295
110575
55993
33994
10895
5988
6995
157255
12295
118740
101815
69941
95325
52991
105145
12850
9989
21999
34900
65991
112330
3995
20546
120965
4495
61250
50995
165360
5900
6950
62888
106475
115850
3500
69900
108480
46995
32984
108285
6500
124240
56900
32994
11995
158515
68895
65990
116765
40990
42975
198175
112780
68991
121165
59998
16888
164125
133135
37500
34998
104225
32000
14900
36991
64992
55999
36999
36988
8900
53800
109625
56995
8995
74996
114770
8995
9995
10995
45500
159085
32995
45980
121925
17980
40988
6995
46000
69995
29985
40970
42920
107885
31980
29988
10995
53800
29995
4777
77878
106525
46267
32500
110925
23995
38900
58998
55600
66900
28999
55995
14995
65001
26900
13900
108370
48888
57996
57995
120425
116545
52999
116915
55900
61000
23995
103170
5500
8550
7995
32900
65995
111165
100390
63998
105075
71989
26995
175821
116545
27900
84800
13997
108440
189795
114740
62899
29995
6988
5995
54991
9995
40900
110895
53999
110585
26900
108015
107735
39995
105865
41850
7496
52900
33850
16495
164565
49082
43900
105625
8901
19995
38990
74495
59991
18900
14980
53981
22899
59500
115555
116085
79851
42999
164565
104085
31652
27950
26880
6491
57995
14500
13100
36911
41995
41305
15951
118165
64888
89500
20981
115605
13777
158732
10900
103420
34895
96825
55491
7959
106760
105625
116545
58900
135905
112955
61995
7495
33900
55991
102435
111515
121155
63900
25995
111365
7900
117765
119545
25999
103275
105645
99911
43990
6988
103525
49993
28900
111655
119025
27988
119981
31977
56969
6995
41995
25998
8495
48500
112520
108370
38990
110435
23777
60175
108085
107370
111225
5000
106525
67452
4875
109775
106660
27966
102825
111685
41918
9985
53996
76983
27088
64900
104095
104925
6955
63800
57986
105370
133835
26000
110125
112632
123215
131365
38981
112955
7995
35899
102994
38989
52991
60991
29991
9995
33992
52998
120865
53995
124190
62899
114070
48520
62500
111410
7990
103935
118430
64495
45900
119815
29990
11200
46781
59950
109765
51992
114070
118480
102765
26993
109572
42995
64999
125625
49900
14977
110930
44758
50877
13995
14758
114615
113825
111365
115575
93199
65995
29990
111015
8995
26885
115565
97492
105680
111065
103075
178875
110315
138975
57991
66994
49995
121300
54991
35595
120315
15471
45995
116635
115565
103170
59894
6988
63949
29995
29992
66475
131435
18995
7495
16495
19995
112865
124815
148992
112680
53995
107435
118010
68995
110325
5900
69995
32980
61298
57900
106525
111365
31995
25991
8994
125285
11995
40999
68992
111365
61988
76736
89900
117590
71881
110085
58991
9595
107935
9995
124992
148815
30961
47995
8750
59971
6595
33900
14995
46981
49900
5995
15999
69997
22890
139285
103670
8990
115375
115565
102720
42900
45888
77800
66990
22999
160000
111025
124270
102825
55991
62001
54999
39499
64991
42488
114415
56998
110435
118461
17990
46992
105485
107325
126570
64988
100991
8652
116350
125000
119275
110815
29990
31675
49995
39995
6995
120680
49991
13900
49899
109790
58880
32995
198175
82900
107925
125405
41993
67555
43925
117840
48995
4995
10979
53898
55981
8991
18900
47989
24995
15000
23998
172065
36995
42811
38988
110665
8987
46989
189275
24977
8995
91991
109535
37653
10000
47888
21981
59995
8995
74990
119475
37900
114680
53981
20999
54992
117625
10991
36995
124370
162855
120400
41450
66995
114475
40900
100781
115245
32892
5499
9500
54888
115065
117085
36995
104890
112540
63995
71991
12991
41988
64888
99810
35386
59900
95325
98325
43998
115241
46983
167875
107255
62895
4299
89244
68989
103900
39900
110935
12990
108515
11981
146160
108750
105850
48605
8990
11903
40995
29995
6990
13950
60888
112865
49995
107335
104951
101195
111365
35900
150785
62995
105975
49950
29995
28993
109775
55900
29999
39995
39990
49998
139060
111615
9995
9998
39995
61950
115065
3981
66988
56258
28881
62988
31985
6995
48991
55900
112565
49995
109410
23980
41797
14998
26990
59971
14994
99010
66970
138964
39795
109275
54900
150000
32995
34824
9995
67450
25000
13710
107130
14595
97525
110435
114015
107435
115325
64888
50950
26995
124085
6980
13998
12997
35995
114715
79995
102595
43900
115565
107395
14900
56436
63821
107365
59994
24995
128015
106215
3990
19995
108085
9885
129715
57970
29888
102820
28991
40900
25995
116285
29991
56895
119120
103645
115565
27995
31995
108950
5900
103175
62995
14914
82858
37991
104380
141595
122570
11998
109160
105865
12991
109800
8900
76900
35999
42495
12988
173900
90000
49981
29450
20995
117340
107960
107880
55995
10988
50694
7999
108640
6000
114575
39990
115065
115240
35000
6600
10900
113475
107980
107070
111225
8995
5419
34486
32995
64888
13850
112015
109995
72742
7450
53995
112865
108135
13500
102725
39950
109315
25925
116405
23990
29995
25000
51980
7000
96996
34999
110375
39995
102625
39750
39992
33999
43991
104165
117120
99595
65995
110435
31990
109275
6491
113750
110285
69000
119999
104380
40691
175241
122510
65988
65988
73995
7649
6995
29954
3950
56997
12995
26995
58491
96995
69995
14995
54995
26504
116545
155165
61800
71877
28495
24988
101445
18900
111365
122835
28900
111025
5995
56900
61650
52998
4999
71905
43994
108040
53900
55800
105765
113810
102125
107715
9981
105145
10450
27988
38995
49995
54900
49990
49881
9800
14500
115065
4950
74595
24995
98888
106670
109580
66993
48917
24895
110435
23900
125575
66500
104385
21988
114110
97900
10995
24987
44500
119350
149575
33795
114445
62988
67950
26995
109275
102950
23500
27900
108425
49750
8977
11988
117375
110435
11990
105315
63991
115715
109775
57991
22995
27888
34991
27999
15900
113030
89975
42908
54999
16995
64900
58995
26999
104525
62584
95306
128770
111380
29995
42999
13990
12900
31485
64888
28998
115065
107085
158050
9995
29750
111165
110935
14900
34999
112775
2995
5495
8885
123675
149300
75982
7995
108145
57994
67900
65499
12991
3995
111365
46999
53990
16993
74115
14961
116615
59547
113750
107575
119765
107165
6995
44991
113905
102825
89900
112375
158975
106525
118775
118265
10983
22997
115785
52991
52900
122785
88997
99900
104165
9961
52995
14991
33995
21900
64772
110435
7991
104320
25980
8995
40999
61888
12990
198175
13900
111015
37995
66950
67960
107725
112915
40738
103670
37990
108865
49998
11995
13995
26991
96825
33777
139999
48991
42900
89718
38499
25995
49999
29995
13991
44888
101475
51995
18995
139815
135015
49998
43791
17995
149575
73900
113945
57991
60300
104095
36990
65991
38888
24248
23988
2800
38986
115530
167075
112815
31590
48997
161315
104165
46900
105925
65988
126235
22991
105940
63995
104385
121925
48999
33994
24480
57995
110435
3700
14995
12994
4950
39900
12999
115065
113455
46995
111025
12760
24799
46332
54998
12995
171225
33985
32785
20800
4995
27995
39980
162420
47988
116052
30995
39900
34991
37000
115050
26980
106075
54991
124900
35962
114225
28998
110665
176090
110420
55444
109685
34893
114025
123655
8995
111665
44981
22900
66587
56995
38992
120200
122015
44795
27262
116230
99454
54698
149575
24995
108865
76988
110125
54995
115555
105030
124575
6999
124525
79991
30960
19995
47999
128988
133985
51982
7900
56796
5000
125780
113455
31995
102840
46326
112865
49991
32900
118175
9991
53000
49981
7475
107515
8900
9995
62500
112960
5491
8991
108815
121665
69995
9990
149375
119615
107915
46778
65991
116350
45000
228325
9995
108750
44981
116055
33794
39950
63986
109245
26990
111025
18988
110015
29900
122070
126260
56862
69988
14993
42488
110435
14800
25490
95991
57888
35500
64205
52000
28979
63941
77891
36885
121525
95393
105375
35695
105465
27800
6985
40900
7999
112865
26900
10980
56991
159860
39991
122335
14995
62770
108900
8995
71895
10980
23991
110435
36995
29988
109105
49500
107371
26900
31986
125575
107085
5629
36000
15995
27995
113045
114530
235280
108275
101815
8999
104565
114015
110105
104385
75408
102100
24999
106135
18999
103645
17981
113670
52987
60472
23888
12996
102840
112375
165992
35990
50995
47995
24995
116850
16990
29991
111735
53999
29991
123385
36981
13995
42700
9988
11990
46948
112755
89995
30985
49998
67800
57992
110650
56990
118025
96115
126485
5991
8900
62990
114762
64777
64482
42879
15999
115310
122965
121410
53999
24999
27950
58991
69995
115435
105720
62986
58991
110785
5203
4500
174340
95500
59982
83991
65347
41999
32997
95961
9475
52475
119195
73977
107020
115025
20900
24979
10765
111365
110615
13991
48995
12900
55995
59992
110755
64900
15988
115555
10000
45900
38492
76991
53995
113670
12800
27995
51998
107165
12992
50949
102885
119601
42500
23983
111765
54500
170325
55001
23494
100845
32995
47987
108440
26499
121965
22865
8991
106540
55980
27971
138265
110150
6995
6295
29995
28995
76988
94995
13900
169385
22444
34500
35900
108035
42998
33994
59995
108505
53995
20995
7995
22197
115205
100975
115565
118565
2995
6950
40989
35900
7400
157050
13495
13000
37995
92991
83995
110880
59992
48981
39995
179315
29900
54991
25991
170225
98732
59950
107025
46887
8990
2000
21491
91781
36950
117800
46991
65890
99975
4000
59991
115705
48250
161525
33995
112210
15982
106475
85991
118855
155000
23988
12999
18999
104125
25750
107865
44997
24995
112955
135015
59900
107511
32900
11991
116545
65895
98888
116545
10995
3499
63983
24495
112635
110755
13950
101775
51991
49999
46598
15248
33995
11995
49995
120190
41295
15495
63981
104700
58995
26290
178325
57991
111875
44891
111525
110435
112605
58991
115585
8995
28995
120405
107245
42985
33872
21777
10799
111200
108505
9995
11991
115205
37000
58000
18814
41999
65900
53994
10995
44501
112155
159225
61885
58898
112515
59888
107270
33990
29787
105335
55900
31999
34992
19961
5850
69981
109700
45988
134885
25995
23850
174435
79995
110375
108310
28999
146145
110935
72795
53993
137410
5985
112680
113615
106525
116680
7950
25981
14996
23995
36995
4495
100815
101325
28919
54861
45492
7938
116650
108855
13995
135015
38895
113275
106215
26891
59950
41476
14995
27995
43750
39988
16800
153785
74589
102725
2999
42995
56900
120830
12500
158820
27995
54995
101990
112425
89888
115565
115565
58480
56995
10995
31995
38800
102885
63000
109005
8985
33900
113945
98811
51999
26990
10995
107245
110965
59990
71998
112705
116015
11988
109300
116350
108725
12900
1999
49900
93825
53900
37989
124465
39999
118655
8500
18550
55900
48995
110545
64991
52990
108145
35990
29500
108230
129991
40900
115065
43991
112960
125900
102395
26900
135375
114330
65997
110085
58900
114290
111365
66983
19980
7991
65991
119580
105352
58981
64900
112630
121215
115565
9900
112955
24995
107510
111365
36900
158165
102765
21488
107225
49994
41891
150940
76888
45994
8995
4990
4995
117475
63991
117815
24995
116435
11990
114090
6950
78000
115150
74900
97991
6500
117840
46940
111365
10895
105625
62991
37900
23975
103645
79891
27995
229875
45800
130515
11995
65430
123155
63988
58800
13949
83995
49995
5995
10999
107010
16995
64995
115895
29995
7995
57888
113175
33995
71995
25995
64987
65793
43995
56984
64990
4950
104165
105145
27961
103595
115555
23995
111415
105720
41900
14999
99899
64995
7900
48999
31990
8995
133365
123175
38499
7995
46840
59995
116545
26888
140425
54982
23452
63900
12919
33874
59880
35877
37495
53991
59993
106525
108015
24995
107745
116225
111165
115785
29293
30950
29988
112265
42997
61542
108900
113750
69980
51450
113275
113395
50994
63991
42995
114125
23849
15995
11200
40995
38500
116035
34990
110085
113060
145275
29900
116195
59990
10995
26995
105145
15995
112965
74895
114915
11900
14500
8222
13477
63995
110435
110375
108815
28990
39900
12999
4988
5329
110575
160540
117735
39900
107340
3500
102825
72988
111025
40786
63991
106910
24995
113945
110065
6900
22999
105931
52998
42499
17993
86050
38998
48000
52991
65993
4950
116990
136565
28995
27867
139065
29988
34000
46882
60304
49990
121170
121525
46995
14995
44990
6991
117045
108145
124575
63994
69991
109720
29981
128125
110535
104025
107735
25995
107605
32995
62491
48900
39900
149575
7500
3999
12975
49999
8995
99995
115685
66682
1800
134925
46996
51723
113945
18900
21575
227260
40411
27647
33900
59899
45950
117825
13500
158050
22993
7975
11995
9995
29499
18950
9995
9295
45753
121850
50995
107985
115565
13997
14981
120245
44900
3995
108775
63998
23989
146575
104790
140135
116915
8995
122175
46500
97995
47888
155300
112425
40493
25999
16991
51475
59995
126680
108505
174865
51900
156240
49995
122801
109135
20995
102920
158515
7995
29771
23995
101263
108940
105871
31992
8450
22995
111435
115565
27949
111410
115505
126015
42995
35000
16995
32999
111900
39990
79998
54990
22888
8900
52888
49990
32997
113945
39991
110210
33994
63981
108541
56991
54995
137420
165225
23900
5881
95305
89850
29999
31997
25890
43995
60557
9991
32995
17995
49991
65994
104615
31800
53893
25000
124651
101885
21995
29900
11900
8995
56950
105435
26000
10900
12995
109411
29991
45990
148675
112955
26999
33488
38500
15995
10999
102885
26995
103115
61298
106075
155390
152720
49999
65900
66993
3995
5995
12995
67860
124850
5999
62500
24988
34999
24900
11900
110435
6990
68990
59977
37980
52900
55877
12988
224625
110435
66983
129675
58991
25495
126770
69991
136370
54999
39995
44996
66924
121175
51790
140410
65999
50993
66991
49990
113195
44995
27944
122275
5995
6500
61985
61950
26900
2500
40990
27888
94620
72993
14975
58990
36991
15900
135810
41998
130225
16888
47966
112375
115065
112815
7995
107015
25999
115265
44995
61994
11995
47995
158515
6999
12990
129165
9500
105765
116545
33428
37895
36995
125975
72900
109355
18989
114475
57832
112605
28497
115065
58500
109075
62990
28750
25477
36955
44995
62941
112440
51798
112865
114665
108940
104445
110375
40995
18500
20995
48950
23900
108530
131675
48999
42498
108370
70796
66960
29985
111365
29777
34900
33899
112480
110200
29991
11480
16995
112875
49588
69988
26980
99900
112211
107255
32988
25410
35795
198175
49895
151475
31900
58000
92900
49000
116015
28990
25998
113260
24900
8995
8195
42888
69991
48777
28975
9499
172440
115025
43995
106665
67900
84595
2500
113840
53900
15990
111365
5977
18994
6995
48485
110935
93501
26800
29500
149575
113335
108180
58250
29877
112000
21581
16850
25992
54950
111655
198965
105725
100725
13919
44991
7990
57900
6900
114925
104125
55999
7995
11995
49988
61995
6987
149575
102595
228475
18993
113455
104085
198175
19990
11977
18500
159800
76001
62975
113945
97994
105425
19991
29988
59860
104385
68990
50500
108285
25998
113945
5409
12999
54888
39995
25995
5000
66995
55999
62161
62992
121175
104795
59995
46900
118115
26980
59999
41995
35994
15991
113945
117380
65900
9660
28995
109685
98325
10000
34975
8491
107625
109165
42999
56450
16995
30495
102521
65881
169035
61992
99610
62990
10000
105940
5900
48900
114820
145985
108415
124945
7992
35995
116350
116990
115565
101270
107825
10995
56999
37990
26995
38982
63995
50991
26786
8500
107880
54972
69995
79995
10994
109275
59900
101995
26900
46991
32000
137415
6800
22999
119410
112955
113125
39995
6695
137525
67888
7995
88888
9995
116930
30881
104165
62900
39495
62002
121655
27900
114080
106980
55995
106365
39888
10900
5495
106130
15995
16595
111425
114888
56433
122755
28999
25836
42995
36888
11999
137275
36950
110582
107925
12999
49880
15991
43957
104885
64900
61992
116040
115935
29800
36919
116915
39968
57950
113945
27995
123870
70929
54985
113945
25997
39499
38990
17968
10995
41999
106215
9591
9995
22990
115565
40995
106075
14770
116465
106165
106370
108815
97400
26966
28995
27892
112865
35392
110240
109900
7950
4000
104445
107085
108230
51995
26755
41995
42495
117840
43995
53000
33000
99995
45985
53992
34900
28400
106265
50992
11500
58991
71991
59550
8500
49993
12200
69981
50000
103420
30000
15995
112865
66888
59995
56995
7450
116540
99595
28495
25995
116045
137275
31000
12495
10994
79923
108540
114740
52900
10999
15990
103410
43995
106475
25900
101900
62994
105725
65888
159310
137485
37988
33994
57500
31495
67958
6900
42888
115555
37995
59444
52880
46900
49981
23995
69900
51997
58888
34966
117830
43888
45500
70988
117590
109185
139065
47970
43850
101095
7995
36999
6250
114565
9990
24895
58990
73995
29950
117665
25900
107880
104475
57498
7495
29900
27900
125370
29995
108510
27000
63988
115065
5500
37992
10888
21990
173810
79650
41888
